acc = 0.9327956989247311
eval_loss = 0.18553808855634596
mcc = 0.8989217707610534
